Arboreal	Non-arboreal	Semi-arboreal
165	0.01488	0.96291	0.02221
166	0.011506	0.96632	0.022174
167	0.02128	0.952562	0.026158
168	0.000742	0.99882	0.000438
169	0.001056	0.998844	1e-04
170	8e-06	0.999976	1.6e-05
171	8e-06	0.99996	3.2e-05
172	4.2e-05	0.999814	0.000144
173	0.000236	0.999194	0.00057
174	0.00132	0.995444	0.003236
175	2e-06	0.999968	3e-05
176	2.002002002002e-06	0.999955955955956	4.2042042042042e-05
177	6.06060606060606e-06	0.999969696969697	2.42424242424242e-05
178	0.000256	0.999176	0.000568
179	0.000286	0.99909	0.000624
180	3.6e-05	0.99989	7.4e-05
181	3e-05	0.999882	8.8e-05
182	0.000484	0.998294	0.001222
183	3.2e-05	0.999884	8.4e-05
184	0.000188	0.999378	0.000434
185	4e-06	0.999986	1e-05
186	2e-06	0.999996	2e-06
187	0	1	0
188	0	0.999994	6e-06
189	0	1	0
190	2.4e-05	0.999932	4.4e-05
191	0	1	0
192	0	1	0
193	0	0.999998	2e-06
194	2e-06	0.999996	2e-06
195	4e-06	0.99999	6e-06
196	2e-06	0.999988	1e-05
197	0.000152	0.999396	0.000452
198	0	0.99999	1e-05
199	4e-06	0.99996	3.6e-05
200	0	0.999994	6e-06
201	6e-06	0.999982	1.2e-05
202	0.00028	0.9979	0.00182
203	0.000232	0.999546	0.000222
204	0.005764	0.992646	0.00159
205	0.000178	0.999228	0.000594
206	2.6e-05	0.999834	0.00014
207	4e-06	0.999984	1.2e-05
208	2.6e-05	0.999932	4.2e-05
209	0.00079	0.983838	0.015372
210	4.2e-05	0.999808	0.00015
211	4e-06	0.99982	0.000176
212	6e-06	0.99958	0.000414
213	1.2e-05	0.999912	7.6e-05
214	1.2e-05	0.999962	2.6e-05
215	8.4e-05	0.988584	0.011332
216	0.00028	0.942168	0.057552
217	0.000574	0.935878	0.063548
218	0.007046	0.878456	0.114498
219	0.00081	0.998644	0.000546
220	0.00191	0.995186	0.002904
221	0.000651216685979143	0.996217844727694	0.00313093858632677
222	0.00351	0.97219	0.0243
223	0.00013	0.997496	0.002374
224	0.000182	0.996476	0.003342
225	0.000914	0.987192	0.011894
226	0.052912	0.925712	0.021376
227	0.070414	0.875706	0.05388
228	0.062946	0.866988	0.070066
229	0.064412	0.863342	0.072246
230	0.05107	0.854452	0.094478
231	0.049522	0.857322	0.093156
232	0.004438	0.993748	0.001814
233	0.000456	0.998406	0.001138
234	0.00014	0.999348	0.000512
235	0.000226	0.999178	0.000596
236	0.003684	0.944576	0.05174
237	0.95625	0.035794	0.007956
238	0.020154	0.978876	0.00097
239	0.906375	0.0863354166666667	0.00728958333333333
240	0.958771794871795	0.0264435897435897	0.0147846153846154
241	0.999166	0.000284	0.00055
242	0.855926	0.079532	0.064542
243	0.985232	0.012858	0.00191
244	0.998322	0.000874	0.000804
245	0.99873	0.000358	0.000912
246	0.99835	0.00041	0.00124
247	0.992712	0.00032	0.006968
248	0.986374	0.00055	0.013076
249	0.987612	0.009868	0.00252
250	0.980102	0.007098	0.0128
251	0.99978	5e-05	0.00017
252	0.999898	2.4e-05	7.8e-05
253	0.89585	0.03419	0.06996
254	0.891968	0.068956	0.039076
255	0.001866	0.997946	0.000188
256	4e-05	0.999956	4e-06
257	0.00014	0.999582	0.000278
258	0.04118	0.902862	0.055958
259	0.025844	0.863178	0.110978
260	0.000118	0.999672	0.00021
261	0.000982	0.996606	0.002412
262	5.2e-05	0.999832	0.000116
263	0	0.999986	1.4e-05
264	6e-05	0.999754	0.000186
265	0.00014	0.999464	0.000396
266	8e-06	0.99992	7.2e-05
267	8e-06	0.999962	3e-05
268	6e-06	0.999958	3.6e-05
269	4.6e-05	0.999798	0.000156
270	3.2e-05	0.999534	0.000434
271	1.4e-05	0.999912	7.4e-05
272	0.000108	0.99961	0.000282
273	4e-06	0.999964	3.2e-05
274	2e-06	0.999956	4.2e-05
275	9.6e-05	0.997206	0.002698
276	3.2e-05	0.999166	0.000802
277	2.2e-05	0.999878	1e-04
278	4.4e-05	0.99992	3.6e-05
279	0.072266	0.910112	0.017622
280	4.34782608695652e-06	0.999965217391304	3.04347826086957e-05
281	5e-05	0.99986	9e-05
282	4.4e-05	0.999884	7.2e-05
283	1e-05	0.99995	4e-05
284	0.000144665461121157	0.999544303797468	0.000311030741410488
285	8.95522388059702e-05	0.999582089552239	0.000328358208955224
286	0.000474	0.99835	0.001176
287	0.000482	0.998386	0.001132
288	0.002028	0.994378	0.003594
289	0.00113696060037523	0.998446529080675	0.000416510318949343
290	0.083366	0.905738	0.010896
291	0.237846	0.74598	0.016174
292	0.26107	0.715182	0.023748
293	0.942516	0.045206	0.012278
294	5e-05	0.999868	8.2e-05
295	0.00031	0.998884	0.000806
296	0.000128	0.999542	0.00033
297	0.000398	0.998644	0.000958
298	3.6e-05	0.999886	7.8e-05
299	3.6e-05	0.99988	8.4e-05
300	3e-05	0.999864	0.000106
301	4.2e-05	0.999814	0.000144
302	0.001624	0.99485	0.003526
303	0.000496	0.998414	0.00109
304	0.000334	0.998748	0.000918
305	0.117206	0.850398	0.032396
306	0.001692	0.996298	0.00201
307	0.145416	0.821116	0.033468
308	0.560166	0.06771	0.372124
309	0.54171	0.047376	0.410914
310	0.258632	0.025252	0.716116
311	0.151576	0.832314	0.01611
312	0.140378	0.847438	0.012184
313	0.089414	0.897914	0.012672
314	0.075404	0.910092	0.014504
315	0.003296	0.994644	0.00206
316	3e-04	0.999296	0.000404
317	0.03515	0.845978	0.118872
318	0.441266	0.544002	0.014732
319	0.445876	0.535828	0.018296
320	0.58175	0.394114	0.024136
321	0.606682	0.3134	0.079918
322	0.587814	0.390066	0.02212
323	0.032794	0.962246	0.00496
324	0.003152	0.995856	0.000992
325	0.885312	0.087678	0.02701
326	0.911066	0.054656	0.034278
327	0.948292	0.03036	0.021348
