Arboreal	Non-arboreal	Semi-arboreal
165	0.29221	0.471452	0.236338
166	0.019902	0.910174	0.069924
167	0.323794	0.532094	0.144112
168	0.068878	0.70132	0.229802
169	0.057952	0.663266	0.278782
170	0.008438	0.751952	0.23961
171	0.007652	0.76974	0.222608
172	0.006968	0.800964	0.192068
173	0.006644	0.838026	0.15533
174	0.004986	0.931346	0.063668
175	0.00676	0.751376	0.241864
176	0.0040980980980981	0.817367367367367	0.178534534534535
177	0.000901010101010101	0.896840404040404	0.102258585858586
178	0.000562	0.968356	0.031082
179	0.000402	0.975288	0.02431
180	0.00054	0.929486	0.069974
181	0.000262	0.954268	0.04547
182	0.00038	0.977624	0.021996
183	6.8e-05	0.977842	0.02209
184	0.00016	0.981504	0.018336
185	2e-06	0.999188	0.00081
186	0	0.999382	0.000618
187	0	0.999616	0.000384
188	0	0.999726	0.000274
189	0	0.999778	0.000222
190	2e-06	0.998456	0.001542
191	0	0.999852	0.000148
192	0	0.999816	0.000184
193	0	0.99976	0.00024
194	0	0.999684	0.000316
195	0	0.999614	0.000386
196	2e-06	0.99932	0.000678
197	0.000108	0.98546	0.014432
198	0	0.998916	0.001084
199	0	0.998316	0.001684
200	0	0.999092	0.000908
201	0	0.998722	0.001278
202	0.007218	0.828554	0.164228
203	0.005516	0.853758	0.140726
204	0.012678	0.769188	0.218134
205	0.000456	0.849066	0.150478
206	0.000156	0.896078	0.103766
207	2.6e-05	0.955944	0.04403
208	2.2e-05	0.97393	0.026048
209	0.001006	0.820058	0.178936
210	0.001622	0.885016	0.113362
211	0.000132	0.89232	0.107548
212	6e-05	0.889668	0.110272
213	1.2e-05	0.986114	0.013874
214	2e-06	0.995972	0.004026
215	9.6e-05	0.847938	0.151966
216	0.000276	0.80248	0.197244
217	0.000732	0.792306	0.206962
218	0.01557	0.779832	0.204598
219	0.025576	0.47287	0.501554
220	0.035034	0.376836	0.58813
221	0.0250057937427578	0.443309385863268	0.531684820393974
222	0.03913	0.475042	0.485828
223	0.009592	0.640722	0.349686
224	0.008808	0.660192	0.331
225	0.012034	0.666166	0.3218
226	0.091764	0.193324	0.714912
227	0.144386	0.103722	0.751892
228	0.134582	0.101454	0.763964
229	0.139556	0.100704	0.75974
230	0.12515	0.168368	0.706482
231	0.121606	0.174842	0.703552
232	0.038542	0.47725	0.484208
233	0.00998	0.682812	0.307208
234	0.00557	0.769034	0.225396
235	0.004586	0.818818	0.176596
236	0.018254	0.699544	0.282202
237	0.841384	0.006092	0.152524
238	0.084226	0.552236	0.363538
239	0.57018125	0.029475	0.40034375
240	0.75075641025641	0.00847179487179487	0.240771794871795
241	0.984334	4.2e-05	0.015624
242	0.75034	0.031742	0.217918
243	0.71694	0.00486	0.2782
244	0.912326	0.000584	0.08709
245	0.960052	0.000226	0.039722
246	0.934436	0.000354	0.06521
247	0.926394	5.2e-05	0.073554
248	0.912562	8.8e-05	0.08735
249	0.764468	0.004644	0.230888
250	0.817522	0.001686	0.180792
251	0.982468	4e-06	0.017528
252	0.986454	2e-06	0.013544
253	0.558162	0.005956	0.435882
254	0.486076	0.02228	0.491644
255	0.028554	0.693722	0.277724
256	0.009602	0.766926	0.223472
257	0.008932	0.782622	0.208446
258	0.081942	0.612268	0.30579
259	0.063602	0.65148	0.284918
260	0.007488	0.803448	0.189064
261	0.005104	0.918746	0.07615
262	0.000484	0.968206	0.03131
263	0.000116	0.97811	0.021774
264	8e-05	0.982402	0.017518
265	0.00011	0.986506	0.013384
266	1.6e-05	0.982992	0.016992
267	4e-06	0.993636	0.00636
268	2e-06	0.994206	0.005792
269	1.4e-05	0.994066	0.00592
270	3e-05	0.981126	0.018844
271	1.4e-05	0.986208	0.013778
272	4.8e-05	0.988858	0.011094
273	0	0.989448	0.010552
274	2e-06	0.98905	0.010948
275	2.6e-05	0.970196	0.029778
276	2.2e-05	0.980382	0.019596
277	1e-05	0.991494	0.008496
278	0.00698	0.804406	0.188614
279	0.09973	0.616886	0.283384
280	0.00410434782608696	0.844826086956522	0.151069565217391
281	0.001788	0.887908	0.110304
282	0.000564	0.937242	0.062194
283	3e-04	0.953972	0.045728
284	0.00037251356238698	0.958155515370705	0.0414719710669078
285	0.000388059701492537	0.951701492537313	0.047910447761194
286	0.002834	0.925576	0.07159
287	0.00065	0.973284	0.026066
288	0.015314	0.878934	0.105752
289	0.0340112570356473	0.823590994371482	0.142397748592871
290	0.195384	0.493162	0.311454
291	0.31688	0.330036	0.353084
292	0.344776	0.318048	0.337176
293	0.846384	0.009808	0.143808
294	0.008046	0.874002	0.117952
295	0.00184	0.960816	0.037344
296	3.2e-05	0.993524	0.006444
297	0.00154	0.96428	0.03418
298	2e-06	0.998024	0.001974
299	8e-06	0.997532	0.00246
300	0.005656	0.897118	0.097226
301	0.004266	0.913816	0.081918
302	0.004946	0.939504	0.05555
303	0.004604	0.92527	0.070126
304	0.00023	0.9859	0.01387
305	0.403362	0.271792	0.324846
306	0.002106	0.952212	0.045682
307	0.431322	0.18913	0.379548
308	0.779654	0.005162	0.215184
309	0.772738	0.003284	0.223978
310	0.689936	0.005782	0.304282
311	0.369484	0.159078	0.471438
312	0.320126	0.169414	0.51046
313	0.275972	0.224264	0.499764
314	0.25106	0.264806	0.484134
315	0.009568	0.878688	0.111744
316	0.000468	0.97121	0.028322
317	0.145648	0.46233	0.392022
318	0.462908	0.050596	0.486496
319	0.46112	0.10514	0.43374
320	0.506394	0.011136	0.48247
321	0.571674	0.010754	0.417572
322	0.502308	0.011444	0.486248
323	0.027714	0.709224	0.263062
324	0.002636	0.907156	0.090208
325	0.663722	0.001608	0.33467
326	0.714798	0.000858	0.284344
327	0.779854	0.000622	0.219524
